[PCFilters]
version=1
count=20

[Filter0]
rows=6
cols=6
channels=3
type=21
values=-0.10424710810184479 -0.10931628942489624 -0.11333297938108444 -0.1170860081911087 -0.12146604806184769 -0.12450689822435379 -0.12525126338005066 -0.12684142589569092 -0.12783966958522797 -0.12785832583904266 -0.12726497650146484 -0.12575751543045044 -0.12388602644205093 -0.12166766077280045 -0.11895627528429031 -0.11508523672819138 -0.10981262475252151 -0.10377243161201477 -0.093760199844837189 -0.098839737474918365 -0.10229466110467911 -0.10591492801904678 -0.10908306390047073 -0.11048988997936249 -0.11058700084686279 -0.11156103014945984 -0.11254211515188217 -0.11232445389032364 -0.11179161816835403 -0.11022133380174637 -0.10829007625579834 -0.10610069334506989 -0.10279984772205353 -0.098627381026744843 -0.093495778739452362 -0.088809788227081299 -0.039355386048555374 -0.041356604546308517 -0.042686596512794495 -0.0434529148042202 -0.043355677276849747 -0.04384256899356842 -0.044456005096435547 -0.044097267091274261 -0.043549351394176483 -0.043722838163375854 -0.043659910559654236 -0.043666955083608627 -0.042900849133729935 -0.041897669434547424 -0.039991196244955063 -0.037890143692493439 -0.035329956561326981 -0.033072609454393387 0.031568564474582672 0.034933026880025864 0.037352748215198517 0.039248622953891754 0.041879624128341675 0.043616790324449539 0.043968115001916885 0.0452260822057724 0.047432675957679749 0.04744400829076767 0.047339413315057755 0.048103440552949905 0.04758395254611969 0.047087457031011581 0.046253331005573273 0.044578108936548233 0.04354327917098999 0.040098331868648529 0.088881194591522217 0.094899043440818787 0.10030654817819595 0.10439140349626541 0.10798733681440353 0.11172407865524292 0.11368086189031601 0.11538486182689667 0.11646410822868347 0.11721508949995041 0.11677965521812439 0.11664261668920517 0.11602630466222763 0.11454343050718307 0.11131254583597183 0.10630788654088974 0.1002095565199852 0.094462856650352478 0.10442764312028885 0.10951165109872818 0.11589761078357697 0.12015610188245773 0.12444517016410828 0.12719510495662689 0.12945067882537842 0.13119134306907654 0.13201746344566345 0.13100789487361908 0.13053576648235321 0.12918838858604431 0.12701663374900818 0.12445849180221558 0.12074843049049377 0.11594577878713608 0.11011248081922531 0.10442228615283966

[Filter1]
rows=6
cols=6
channels=3
type=21
values=0.085661523044109344 0.092784829437732697 0.09470144659280777 0.091429077088832855 0.082874782383441925 0.067214824259281158 0.052348218858242035 0.031120296567678452 0.0079740239307284355 -0.011845109984278679 -0.034553457051515579 -0.054226391017436981 -0.068910636007785797 -0.084605783224105835 -0.093905724585056305 -0.097682826220989227 -0.096491694450378418 -0.090308800339698792 0.1089709997177124 0.11869274824857712 0.12288480997085571 0.11811618506908417 0.106355220079422 0.086412519216537476 0.065705597400665283 0.036495395004749298 0.0073980521410703659 -0.017743943259119987 -0.047611493617296219 -0.074708826839923859 -0.093129478394985199 -0.113291896879673 -0.12706184387207031 -0.13107688724994659 -0.12772542238235474 -0.11719290167093277 0.12468130141496658 0.13771598041057587 0.14105989038944244 0.13701280951499939 0.12401504814624786 0.10259678959846497 0.080356299877166748 0.047534588724374771 0.015147852711379528 -0.013711482286453247 -0.04832933098077774 -0.079580962657928467 -0.10316810011863708 -0.12685634195804596 -0.14098797738552094 -0.14459624886512756 -0.14104011654853821 -0.13085274398326874 0.13003849983215332 0.14276400208473206 0.14716203510761261 0.14295388758182526 0.13037644326686859 0.11020828783512115 0.087097987532615662 0.055703390389680862 0.022917354479432106 -0.0057673794217407703 -0.041819591075181961 -0.072990313172340393 -0.097306840121746063 -0.12173543125391006 -0.13629545271396637 -0.14108964800834656 -0.13735854625701904 -0.12716872990131378 0.11512968689203262 0.12527087330818176 0.12924391031265259 0.12510547041893005 0.11327835917472839 0.094381473958492279 0.075654573738574982 0.049182511866092682 0.020084381103515625 -0.0061734737828373909 -0.038607832044363022 -0.067186884582042694 -0.087775565683841705 -0.10922154039144516 -0.1225777268409729 -0.12809725105762482 -0.12667080760002136 -0.11761338263750076 0.084552474319934845 0.090675555169582367 0.093480497598648071 0.091272182762622833 0.081834875047206879 0.067347332835197449 0.053097765892744064 0.031169088557362556 0.0074557545594871044 -0.011013435199856758 -0.034120935946702957 -0.054598603397607803 -0.070876613259315491 -0.087219513952732086 -0.095925435423851013 -0.09963592141866684 -0.099778309464454651 -0.094121776521205902

[Filter2]
rows=6
cols=6
channels=3
type=21
values=-0.11674287915229797 -0.12369569391012192 -0.12929718196392059 -0.13176454603672028 -0.13210429251194 -0.13362093269824982 -0.13310959935188293 -0.13390335440635681 -0.13529115915298462 -0.13496813178062439 -0.13346552848815918 -0.13112689554691315 -0.1292249858379364 -0.12590637803077698 -0.12048717588186264 -0.11488364636898041 -0.10916923731565475 -0.1035761833190918 -0.025348851457238197 -0.023429591208696365 -0.022578395903110504 -0.020296644419431686 -0.017787454649806023 -0.016139047220349312 -0.014378554187715054 -0.01158917136490345 -0.010559085756540298 -0.010336698032915592 -0.0096781356260180473 -0.007032410241663456 -0.0053802626207470894 -0.0051164100877940655 -0.0054439534433186054 -0.0054699219763278961 -0.0067093991674482822 -0.00792715884745121 0.076399274170398712 0.085224941372871399 0.093463942408561707 0.10174648463726044 0.11024261265993118 0.11683833599090576 0.12117913365364075 0.12580741941928864 0.12873069941997528 0.12891498208045959 0.12820687890052795 0.12618090212345123 0.12164895981550217 0.11639644205570221 0.11111681163311005 0.10545806586742401 0.096425712108612061 0.08623146265745163 0.080392137169837952 0.089387111365795135 0.09644000232219696 0.10439152270555496 0.11182397603988647 0.1169479712843895 0.11936040222644806 0.12244977056980133 0.12547342479228973 0.12550787627696991 0.1240241751074791 0.12153656035661697 0.11784463375806808 0.11089214682579041 0.10366987437009811 0.096770584583282471 0.087034918367862701 0.075249969959259033 -0.013899399898946285 -0.014003250747919083 -0.013486479409039021 -0.013474734500050545 -0.013663713820278645 -0.012073708698153496 -0.0098677361384034157 -0.0091556068509817123 -0.0083934366703033447 -0.0085005741566419601 -0.010238305665552616 -0.012808694504201412 -0.015492383390665054 -0.0181447584182024 -0.020765988156199455 -0.022015716880559921 -0.022404635325074196 -0.024603322148323059 -0.10453255474567413 -0.11209551244974136 -0.11811917275190353 -0.12181196361780167 -0.12674395740032196 -0.12783524394035339 -0.12738700211048126 -0.12861408293247223 -0.12891490757465363 -0.12834978103637695 -0.12877781689167023 -0.12871828675270081 -0.12714813649654388 -0.12449408322572708 -0.12163972109556198 -0.11946657299995422 -0.11587197333574295 -0.10954791307449341

[Filter3]
rows=6
cols=6
channels=3
type=21
values=0.11424953490495682 0.13274870812892914 0.14165118336677551 0.14085972309112549 0.13373120129108429 0.11793839186429977 0.097405925393104553 0.065504878759384155 0.028040748089551926 -0.0062011047266423702 -0.042129293084144592 -0.074481882154941559 -0.099916830658912659 -0.1246255487203598 -0.14467400312423706 -0.15441572666168213 -0.15520656108856201 -0.14314393699169159 0.099549748003482819 0.11891356855630875 0.13062405586242676 0.13214960694313049 0.1266399472951889 0.11404658108949661 0.093503221869468689 0.062851086258888245 0.030568059533834457 -0.0010507836705073714 -0.036597792059183121 -0.074734099209308624 -0.10425466299057007 -0.13051468133926392 -0.15084759891033173 -0.15914435684680939 -0.15548703074455261 -0.14304913580417633 0.027301596477627754 0.034364160150289536 0.039178602397441864 0.044531766325235367 0.049335960298776627 0.049531072378158569 0.0433526411652565 0.032598331570625305 0.018227552995085716 0.0052339243702590466 -0.01039161067456007 -0.02714158222079277 -0.038252539932727814 -0.052468948066234589 -0.065624378621578217 -0.072828888893127441 -0.077048353850841522 -0.072832494974136353 -0.062535911798477173 -0.064869031310081482 -0.063544973731040955 -0.056463941931724548 -0.041176263242959976 -0.023992819711565971 -0.0098709603771567345 0.0061995899304747581 0.019968621432781219 0.031356338411569595 0.044051546603441238 0.05461844801902771 0.060511276125907898 0.064782202243804932 0.064395204186439514 0.05947200208902359 0.05279361829161644 0.044102516025304794 -0.13162469863891602 -0.1454487144947052 -0.14865122735500336 -0.14210298657417297 -0.12507045269012451 -0.099235557019710541 -0.072939269244670868 -0.035920504480600357 -0.0010584734845906496 0.028386268764734268 0.059836879372596741 0.087647877633571625 0.10838399082422256 0.12566952407360077 0.13465499877929688 0.13481463491916656 0.12786641716957092 0.11237362027168274 -0.14135029911994934 -0.15489351749420166 -0.15786097943782806 -0.15298260748386383 -0.13672129809856415 -0.11196669936180115 -0.086743488907814026 -0.050125431269407272 -0.014986901544034481 0.014753228984773159 0.049323346465826035 0.078822620213031769 0.10055068135261536 0.11974404007196426 0.13110370934009552 0.13289386034011841 0.12699267268180847 0.11101517081260681

[Filter4]
rows=6
cols=6
channels=3
type=21
values=-0.087355285882949829 -0.07833535224199295 -0.054285310208797455 -0.027760574594140053 0.0096260486170649529 0.051896415650844574 0.081681780517101288 0.11020179837942123 0.12711095809936523 0.12974032759666443 0.12149243801832199 0.099958449602127075 0.074681408703327179 0.035640466958284378 -0.001896411762572825 -0.029915312305092812 -0.058310292661190033 -0.0723271444439888 -0.15979836881160736 -0.15152271091938019 -0.12455896288156509 -0.091476693749427795 -0.042125310748815536 0.013717984780669212 0.05488697811961174 0.095594212412834167 0.11940266191959381 0.12227702140808105 0.10713342577219009 0.076966553926467896 0.044794309884309769 -0.0028807430062443018 -0.051811102777719498 -0.085689201951026917 -0.11688343435525894 -0.12900231778621674 -0.17717820405960083 -0.16732482612133026 -0.13855558633804321 -0.10048381239175797 -0.047987900674343109 0.0098721487447619438 0.052358474582433701 0.096223711967468262 0.12158825993537903 0.12619568407535553 0.10726161301136017 0.070761032402515411 0.033669818192720413 -0.020348496735095978 -0.076394319534301758 -0.11305546760559082 -0.14590924978256226 -0.1598057895898819 -0.14057783782482147 -0.12362063676118851 -0.089140936732292175 -0.05054711177945137 0.0032663079909980297 0.061165004968643188 0.10280634462833405 0.13867932558059692 0.15788182616233826 0.16023567318916321 0.13971936702728271 0.10227549821138382 0.059149537235498428 0.0010112173622474074 -0.054830331355333328 -0.094109669327735901 -0.12652280926704407 -0.14111295342445374 -0.10497354716062546 -0.088369116187095642 -0.054976139217615128 -0.018119068816304207 0.028575535863637924 0.077095046639442444 0.1117624044418335 0.14210940897464752 0.15596994757652283 0.15213967859745026 0.13251346349716187 0.096890732645988464 0.058195292949676514 0.0038521480746567249 -0.050282713025808334 -0.085937581956386566 -0.11834563314914703 -0.13108262419700623 -0.098238229751586914 -0.088024690747261047 -0.066409401595592499 -0.041707102209329605 -0.0046937745064496994 0.03014644980430603 0.051493454724550247 0.072855263948440552 0.079003550112247467 0.073655106127262115 0.05650218203663826 0.029832173138856888 0.00250644376501441 -0.039277039468288422 -0.079301886260509491 -0.10571558028459549 -0.12905293703079224 -0.13669043779373169

[Filter5]
rows=6
cols=6
channels=3
type=21
values=-0.10614465177059174 -0.11181338131427765 -0.11375533789396286 -0.10976644605398178 -0.10423023253679276 -0.097627818584442139 -0.094079069793224335 -0.091750666499137878 -0.091688305139541626 -0.093509212136268616 -0.096482656896114349 -0.099023647606372833 -0.1036224365234375 -0.10854834318161011 -0.11212682723999023 -0.11152378469705582 -0.10706250369548798 -0.10050611943006516 0.03340664878487587 0.044127486646175385 0.059173267334699631 0.071788355708122253 0.08781781792640686 0.10503321141004562 0.11538373678922653 0.12281879037618637 0.12813383340835571 0.12775254249572754 0.11944783478975296 0.1109563484787941 0.097833670675754547 0.080166488885879517 0.061092209070920944 0.048120379447937012 0.039155885577201843 0.031949758529663086 0.040599390864372253 0.052255090326070786 0.066533207893371582 0.080420501530170441 0.09783654659986496 0.11510670930147171 0.12643726170063019 0.13381679356098175 0.13758715987205505 0.13472022116184235 0.12471568584442139 0.11133737862110138 0.098270319402217865 0.082040026783943176 0.064169958233833313 0.048789579421281815 0.034602425992488861 0.023344995453953743 -0.09550841897726059 -0.10128169506788254 -0.10238254815340042 -0.099192343652248383 -0.094363562762737274 -0.087323524057865143 -0.08074042946100235 -0.076535098254680634 -0.07394988089799881 -0.078047610819339752 -0.085164748132228851 -0.090946882963180542 -0.096470631659030914 -0.1049904078245163 -0.11454469710588455 -0.11661788821220398 -0.11484421789646149 -0.10968887805938721 -0.090937189757823944 -0.094540633261203766 -0.094414271414279938 -0.092374503612518311 -0.08532308042049408 -0.078842125833034515 -0.074753358960151672 -0.070013687014579773 -0.065533645451068878 -0.067006170749664307 -0.070839099586009979 -0.072116032242774963 -0.074283123016357422 -0.08264622837305069 -0.088565215468406677 -0.089549660682678223 -0.087396204471588135 -0.080306991934776306 0.058536175638437271 0.070050068199634552 0.082143247127532959 0.092804796993732452 0.1068398505449295 0.11859715729951859 0.12465653568506241 0.12897643446922302 0.13426254689693451 0.13519832491874695 0.13562509417533875 0.13182228803634644 0.12379363179206848 0.11409208923578262 0.10417670756578445 0.096436917781829834 0.088188543915748596 0.078747004270553589

[Filter6]
rows=6
cols=6
channels=3
type=21
values=-0.064618684351444244 -0.066954724490642548 -0.071212582290172577 -0.073736421763896942 -0.070834577083587646 -0.072548314929008484 -0.075955525040626526 -0.078985042870044708 -0.079131767153739929 -0.078168392181396484 -0.078967280685901642 -0.080265015363693237 -0.077865935862064362 -0.069917730987071991 -0.060418222099542618 -0.053558599203824997 -0.046066291630268097 -0.041378725320100784 0.093415655195713043 0.11001055687665939 0.12026400119066238 0.12685525417327881 0.13279253244400024 0.1365446150302887 0.13769388198852539 0.13566410541534424 0.13571359217166901 0.13586041331291199 0.1353447288274765 0.13389989733695984 0.12857136130332947 0.12616255879402161 0.12588043510913849 0.12315861880779266 0.11786027997732162 0.10223961621522903 -0.026318591088056564 -0.029428601264953613 -0.03340386226773262 -0.038426667451858521 -0.041837353259325027 -0.050496447831392288 -0.058069102466106415 -0.068086110055446625 -0.077492102980613708 -0.07868659496307373 -0.08075588196516037 -0.079986222088336945 -0.075239948928356171 -0.0696612149477005 -0.063014805316925049 -0.054807670414447784 -0.044778868556022644 -0.040056757628917694 -0.06182803213596344 -0.064188145101070404 -0.066508807241916656 -0.06770613044500351 -0.067627131938934326 -0.071947731077671051 -0.077423639595508575 -0.085897155106067657 -0.094023860991001129 -0.097192391753196716 -0.092427216470241547 -0.087363861501216888 -0.085865698754787445 -0.080941267311573029 -0.070766694843769073 -0.066010244190692902 -0.056987680494785309 -0.049574978649616241 0.087498493492603302 0.10499780625104904 0.12094749510288239 0.13004392385482788 0.14221145212650299 0.15339085459709167 0.15658710896968842 0.15685799717903137 0.15671119093894958 0.15520961582660675 0.15330624580383301 0.15412449836730957 0.15419694781303406 0.15124998986721039 0.14881898462772369 0.14123372733592987 0.1246730163693428 0.10588652640581131 -0.065872929990291595 -0.071415118873119354 -0.074492618441581726 -0.076727233827114105 -0.076729856431484222 -0.075803130865097046 -0.07485942542552948 -0.079605884850025177 -0.083106540143489838 -0.085306204855442047 -0.085302293300628662 -0.084000229835510254 -0.081558890640735626 -0.079178504645824432 -0.074060194194316864 -0.071161456406116486 -0.069075219333171844 -0.065776273608207703

[Filter7]
rows=6
cols=6
channels=3
type=21
values=0.13349339365959167 0.14904572069644928 0.15727268159389496 0.15369716286659241 0.13750076293945312 0.11188933253288269 0.08371366560459137 0.043668262660503387 0.0011032499605789781 -0.034689135849475861 -0.070845618844032288 -0.10369431227445602 -0.12733550369739532 -0.14728333055973053 -0.16074378788471222 -0.16285997629165649 -0.15440629422664642 -0.13600045442581177 0.039735391736030579 0.043287929147481918 0.044709760695695877 0.042240645736455917 0.037311926484107971 0.032137300819158554 0.026574205607175827 0.019357278943061829 0.010862826369702816 0.006651660893112421 0.0011790918651968241 -0.0065437951125204563 -0.010265803895890713 -0.013315925374627113 -0.013329415582120419 -0.019476940855383873 -0.022292101755738258 -0.022184932604432106 -0.10380695760250092 -0.12139201164245605 -0.13151988387107849 -0.13370516896247864 -0.12613479793071747 -0.10702472180128098 -0.082566447556018829 -0.051197715103626251 -0.019443774595856667 0.013619294390082359 0.049798622727394104 0.080261871218681335 0.10305751115083694 0.12236366420984268 0.13532458245754242 0.13739864528179169 0.12821926176548004 0.10676633566617966 -0.1075582429766655 -0.13062843680381775 -0.14179447293281555 -0.13996434211730957 -0.13019144535064697 -0.11355607211589813 -0.09063323587179184 -0.059888027608394623 -0.021467437967658043 0.011342357844114304 0.046909574419260025 0.078032925724983215 0.10477396845817566 0.12682795524597168 0.13831406831741333 0.13730733096599579 0.12776327133178711 0.10585696250200272 0.027523783966898918 0.032128181308507919 0.033886078745126724 0.034023724496364594 0.029143620282411575 0.023090709000825882 0.018529029563069344 0.008409818634390831 -0.0012012437218800187 -0.0078365467488765717 -0.014593755826354027 -0.023545019328594208 -0.031380023807287216 -0.036945827305316925 -0.035114198923110962 -0.032198041677474976 -0.027698356658220291 -0.022131556645035744 0.1395142525434494 0.15878075361251831 0.16575741767883301 0.16167055070400238 0.14664596319198608 0.12274182587862015 0.097176156938076019 0.059769392013549805 0.018799884244799614 -0.018745379522442818 -0.05786474421620369 -0.096636228263378143 -0.12506543099880219 -0.14780163764953613 -0.15953916311264038 -0.15986929833889008 -0.14707319438457489 -0.12608425319194794

[Filter8]
rows=6
cols=6
channels=3
type=21
values=-0.14753539860248566 -0.14578269422054291 -0.1178649365901947 -0.078241236507892609 -0.023388834670186043 0.03540327399969101 0.082938395440578461 0.12702251970767975 0.15147006511688232 0.14841765165328979 0.12979987263679504 0.09696563333272934 0.04842686653137207 -0.012054735794663429 -0.068224430084228516 -0.11018103361129761 -0.13989651203155518 -0.14663729071617126 -0.13346768915653229 -0.12869651615619659 -0.1002190038561821 -0.064681008458137512 -0.012405185960233212 0.046828754246234894 0.095459438860416412 0.1386973112821579 0.16021454334259033 0.16157044470310211 0.14423274993896484 0.10442350059747696 0.054934021085500717 -0.0063664820045232773 -0.064909219741821289 -0.1074802577495575 -0.13916303217411041 -0.14503005146980286 -0.058588262647390366 -0.059763412922620773 -0.053181134164333344 -0.043130829930305481 -0.028666095808148384 -0.0039167925715446472 0.017554236575961113 0.036678720265626907 0.049853481352329254 0.05175519734621048 0.047135200351476669 0.031371060758829117 0.010178857482969761 -0.015925157815217972 -0.044621333479881287 -0.062234576791524887 -0.077672503888607025 -0.077646933495998383 0.07105197012424469 0.06764499843120575 0.055002067238092422 0.036344856023788452 0.009668189100921154 -0.015220670029520988 -0.034435681998729706 -0.047425627708435059 -0.052812069654464722 -0.050921183079481125 -0.037758968770503998 -0.01844526082277298 0.0019841238390654325 0.024684945121407509 0.042053025215864182 0.053695265203714371 0.062378320842981339 0.062762409448623657 0.15941250324249268 0.15803399682044983 0.12856952846050262 0.083455890417098999 0.021562477573752403 -0.043947696685791016 -0.093737542629241943 -0.13581669330596924 -0.16006805002689362 -0.1602257639169693 -0.13488365709781647 -0.089470140635967255 -0.041519287973642349 0.015161388553678989 0.067657284438610077 0.10422056168317795 0.13210777938365936 0.13510817289352417 0.15060785412788391 0.14898808300495148 0.12319212406873703 0.077208884060382843 0.011034717783331871 -0.052688632160425186 -0.1030210554599762 -0.14551766216754913 -0.16802872717380524 -0.16710871458053589 -0.14076268672943115 -0.094799838960170746 -0.046520121395587921 0.01394935417920351 0.071656085550785065 0.11227613687515259 0.13891324400901794 0.14353825151920319

[Filter9]
rows=6
cols=6
channels=3
type=21
values=-0.02524665929377079 -0.03000338189303875 -0.038420189172029495 -0.04705052450299263 -0.058111660182476044 -0.0670895054936409 -0.069516055285930634 -0.069314315915107727 -0.068930022418498993 -0.063060857355594635 -0.053098149597644806 -0.043041151016950607 -0.035486627370119095 -0.024809615686535835 -0.022235974669456482 -0.023265676572918892 -0.019048960879445076 -0.014651760458946228 0.10137154906988144 0.1120782345533371 0.11201560497283936 0.10970598459243774 0.10440893471240997 0.098072141408920288 0.098355598747730255 0.096971660852432251 0.10243895649909973 0.10716981440782547 0.1130741685628891 0.11823074519634247 0.11828573793172836 0.11623845994472504 0.10845912992954254 0.098785273730754852 0.090000450611114502 0.076727353036403656 -0.082704342901706696 -0.099470578134059906 -0.11532203853130341 -0.12805674970149994 -0.13946811854839325 -0.15107299387454987 -0.15830717980861664 -0.16071361303329468 -0.15608882904052734 -0.15054352581501007 -0.14438287913799286 -0.13996942341327667 -0.13646689057350159 -0.131745845079422 -0.13242700695991516 -0.13043850660324097 -0.12287282198667526 -0.10880284756422043 0.088577918708324432 0.098220504820346832 0.10687533020973206 0.1158246323466301 0.12204431742429733 0.12730266153812408 0.13676550984382629 0.1446387767791748 0.15285651385784149 0.15935292840003967 0.15974514186382294 0.15690578520298004 0.14815652370452881 0.13177499175071716 0.11275169998407364 0.094909362494945526 0.076559953391551971 0.065585851669311523 -0.064349353313446045 -0.07461712509393692 -0.084659866988658905 -0.091363087296485901 -0.095708899199962616 -0.097493484616279602 -0.095962978899478912 -0.09000810980796814 -0.08770221471786499 -0.082121320068836212 -0.077377840876579285 -0.077154010534286499 -0.077845603227615356 -0.079848252236843109 -0.088087424635887146 -0.092286273837089539 -0.093266144394874573 -0.088114291429519653 0.037104874849319458 0.036782138049602509 0.033328060060739517 0.031273819506168365 0.032111559063196182 0.030788976699113846 0.031790785491466522 0.034315373748540878 0.037553779780864716 0.040564533323049545 0.040525887161493301 0.042972590774297714 0.041629858314990997 0.03793087974190712 0.033854320645332336 0.026687698438763618 0.017842452973127365 0.017290053889155388

[Filter10]
rows=6
cols=6
channels=3
type=21
values=-0.1049078032374382 -0.08692411333322525 -0.039992634207010269 0.0091254562139511108 0.067091658711433411 0.1044670045375824 0.10907996445894241 0.08337131142616272 0.034855924546718597 -0.01083269901573658 -0.065986186265945435 -0.096073515713214874 -0.095865018665790558 -0.065609067678451538 -0.017531484365463257 0.019126309081912041 0.06576596200466156 0.08337055891752243 -0.13881637156009674 -0.12076505273580551 -0.057498876005411148 0.007086027879267931 0.080965735018253326 0.13303464651107788 0.1391909271478653 0.1054576188325882 0.042502515017986298 -0.018929436802864075 -0.086561866104602814 -0.12233661115169525 -0.12035809457302094 -0.075857527554035187 -0.0032460922375321388 0.054122433066368103 0.11357611417770386 0.13269084692001343 -0.16942103207111359 -0.14619071781635284 -0.079420894384384155 -0.0095739616081118584 0.071675464510917664 0.12882876396179199 0.13532574474811554 0.097265392541885376 0.025042645633220673 -0.0454554483294487 -0.12098552286624908 -0.16024041175842285 -0.15445497632026672 -0.093228697776794434 -0.0048111509531736374 0.064605966210365295 0.12984077632427216 0.15265832841396332 -0.14482305943965912 -0.11346649378538132 -0.041440136730670929 0.03062925674021244 0.11444094032049179 0.16551187634468079 0.16661280393600464 0.12344023585319519 0.051372386515140533 -0.022817600518465042 -0.10708432644605637 -0.14859071373939514 -0.14343944191932678 -0.08609134703874588 0.0028159476350992918 0.074646763503551483 0.14379802346229553 0.16606894135475159 -0.14030608534812927 -0.11106879264116287 -0.046009361743927002 0.015466255135834217 0.085868284106254578 0.12851777672767639 0.13021668791770935 0.086642548441886902 0.018575331196188927 -0.049444526433944702 -0.12008681893348694 -0.15533539652824402 -0.15113422274589539 -0.10161241888999939 -0.025280103087425232 0.034753687679767609 0.094215936958789825 0.11919520050287247 -0.10038748383522034 -0.080149263143539429 -0.035012412816286087 0.006675222422927618 0.059452347457408905 0.091662310063838959 0.091679230332374573 0.065916486084461212 0.022280702367424965 -0.020339321345090866 -0.06771416962146759 -0.090158849954605103 -0.086183056235313416 -0.048237282782793045 0.0067336615175008774 0.047760948538780212 0.091264277696609497 0.10858889669179916

[Filter11]
rows=6
cols=6
channels=3
type=21
values=0.1198418140411377 0.13371792435646057 0.13783031702041626 0.13621829450130463 0.12585937976837158 0.11014264076948166 0.091345049440860748 0.059283550828695297 0.023037781938910484 -0.010048868134617805 -0.043399590998888016 -0.076501384377479553 -0.10513095557689667 -0.13407629728317261 -0.15573762357234955 -0.16615299880504608 -0.16298297047615051 -0.14145527780056 -0.066450245678424835 -0.08362666517496109 -0.097923427820205688 -0.10205608606338501 -0.09772559255361557 -0.084793619811534882 -0.066101774573326111 -0.040814440697431564 -0.009142736904323101 0.022063273936510086 0.054564859718084335 0.082938194274902344 0.10596419870853424 0.11845239996910095 0.11909496784210205 0.10724565386772156 0.084324412047863007 0.065888285636901855 -0.079583980143070221 -0.098525717854499817 -0.11211981624364853 -0.11574220657348633 -0.11433813720941544 -0.10824265331029892 -0.095369480550289154 -0.067271947860717773 -0.036964453756809235 -0.005718704778701067 0.03200901672244072 0.068199411034584045 0.097458831965923309 0.11781365424394608 0.12425897270441055 0.1148221343755722 0.097306497395038605 0.078696958720684052 0.11403296142816544 0.13106162846088409 0.13579939305782318 0.13063639402389526 0.11006294935941696 0.084744565188884735 0.05827997624874115 0.028399301692843437 -0.0017316503217443824 -0.026897912845015526 -0.053313620388507843 -0.0782150998711586 -0.093232549726963043 -0.10466047376394272 -0.11029146611690521 -0.10959743708372116 -0.10862120240926743 -0.092554144561290741 0.075093045830726624 0.087521873414516449 0.093767188489437103 0.094827659428119659 0.086049318313598633 0.070624597370624542 0.057544149458408356 0.038092613220214844 0.016784392297267914 -0.0036697625182569027 -0.030458882451057434 -0.054582014679908752 -0.069410160183906555 -0.079542174935340881 -0.088870301842689514 -0.090907499194145203 -0.087124824523925781 -0.072252228856086731 -0.1160782054066658 -0.13971725106239319 -0.14800173044204712 -0.14512459933757782 -0.1349727064371109 -0.11046934872865677 -0.079759083688259125 -0.045272897928953171 -0.0043597482144832611 0.031289108097553253 0.064269453287124634 0.092741504311561584 0.11533764749765396 0.13027508556842804 0.13470259308815002 0.13026818633079529 0.1149219423532486 0.098217487335205078

[Filter12]
rows=6
cols=6
channels=3
type=21
values=0.1752689927816391 0.16806581616401672 0.13140906393527985 0.081286638975143433 0.013901911675930023 -0.047460798174142838 -0.094958610832691193 -0.13069196045398712 -0.15530945360660553 -0.15925581753253937 -0.14473351836204529 -0.11016788333654404 -0.06447242945432663 0.0066379159688949585 0.073754586279392242 0.12226000428199768 0.15872053802013397 0.16423775255680084 0.05799577385187149 0.04577023908495903 0.018410107120871544 -0.002419293625280261 -0.016279524192214012 -0.021772183477878571 -0.026058100163936615 -0.02772863395512104 -0.030186226591467857 -0.028174106031656265 -0.030657164752483368 -0.031958628445863724 -0.025242967531085014 -0.0046253595501184464 0.015996938571333885 0.029997007921338081 0.048266943544149399 0.055713780224323273 -0.11424317955970764 -0.13442137837409973 -0.13312911987304688 -0.10280989110469818 -0.051778797060251236 0.015970844775438309 0.08057287335395813 0.13835898041725159 0.17075885832309723 0.17472302913665771 0.14116485416889191 0.085717834532260895 0.029709501191973686 -0.02712363563477993 -0.077362366020679474 -0.10579083859920502 -0.11242461949586868 -0.098808020353317261 -0.10755783319473267 -0.1272328794002533 -0.1199813038110733 -0.091050431132316589 -0.040713611990213394 0.028850750997662544 0.085514239966869354 0.13331209123134613 0.1564532071352005 0.1544775515794754 0.1221218928694725 0.06735268235206604 0.0061858445405960083 -0.056505043059587479 -0.10645180940628052 -0.13447435200214386 -0.13683792948722839 -0.11810683459043503 0.061597336083650589 0.053340267390012741 0.038532011210918427 0.024501089006662369 0.011408809572458267 0.007475582417100668 -0.0017181378789246082 -0.0018845213344320655 -0.0043804310262203217 -0.012758712284266949 -0.020624086260795593 -0.02784421481192112 -0.026023747399449348 -0.018028855323791504 -0.0014170896029099822 0.017729016020894051 0.041691400110721588 0.054382521659135818 0.15026549994945526 0.14297212660312653 0.10493409633636475 0.052426621317863464 -0.011111381463706493 -0.070091843605041504 -0.11271785944700241 -0.14244963228702545 -0.15867267549037933 -0.15749898552894592 -0.13850826025009155 -0.10033832490444183 -0.052087020128965378 0.015855556353926659 0.083956725895404816 0.13662752509117126 0.17677776515483856 0.18119986355304718

[Filter13]
rows=6
cols=6
channels=3
type=21
values=-0.14735916256904602 -0.13002286851406097 -0.068763978779315948 0.004285068716853857 0.090316794812679291 0.14539781212806702 0.15471123158931732 0.11274176090955734 0.032322175800800323 -0.044856656342744827 -0.11263741552829742 -0.14903639256954193 -0.13724470138549805 -0.076136671006679535 0.0074181007221341133 0.077233411371707916 0.1289251446723938 0.13631510734558105 -0.1461779922246933 -0.12573428452014923 -0.056689739227294922 0.021378710865974426 0.10962539911270142 0.16192688047885895 0.16490906476974487 0.12059290707111359 0.0348932184278965 -0.04655935987830162 -0.12120299786329269 -0.16765709221363068 -0.15853659808635712 -0.098326697945594788 -0.013540181331336498 0.060167808085680008 0.1240198165178299 0.14020258188247681 -0.084366321563720703 -0.077877439558506012 -0.044758491218090057 -0.0068161436356604099 0.031065739691257477 0.052563745528459549 0.059428971260786057 0.041223086416721344 0.0088000362738966942 -0.020624624565243721 -0.046399906277656555 -0.058812599629163742 -0.050531473010778427 -0.021861128509044647 0.013278620317578316 0.041610635817050934 0.06728024035692215 0.07217029482126236 0.050857152789831161 0.047579545527696609 0.029317623004317284 -0.0012403922155499458 -0.035657580941915512 -0.065630659461021423 -0.072148114442825317 -0.056746877729892731 -0.026147831231355667 0.015898270532488823 0.057913947850465775 0.076034232974052429 0.065679550170898438 0.035453863441944122 0.0050253984518349171 -0.029357099905610085 -0.056472029536962509 -0.066447421908378601 0.16051611304283142 0.1485341340303421 0.089083380997180939 0.012914160266518593 -0.072452642023563385 -0.13573862612247467 -0.14378391206264496 -0.10537765175104141 -0.03705211728811264 0.037035737186670303 0.11158705502748489 0.1518673300743103 0.13943737745285034 0.079446420073509216 -0.012611497193574905 -0.094156883656978607 -0.15550471842288971 -0.17378312349319458 0.14228253066539764 0.121077761054039 0.056456901133060455 -0.017961384728550911 -0.09611828625202179 -0.14848974347114563 -0.15740907192230225 -0.11673879623413086 -0.045195497572422028 0.032900396734476089 0.11622674763202667 0.15738996863365173 0.15147104859352112 0.10539568215608597 0.024489978328347206 -0.054115775972604752 -0.11524742096662521 -0.13500569760799408

[Filter14]
rows=6
cols=6
channels=3
type=21
values=-0.061373267322778702 -0.019737763330340385 0.041723888367414474 0.088966004550457001 0.11697274446487427 0.084588535130023956 0.027390381321310997 -0.057816870510578156 -0.10827446728944778 -0.10868394374847412 -0.062450412660837173 0.010558313690125942 0.060932517051696777 0.089279778301715851 0.06390516459941864 0.017351988703012466 -0.047481328248977661 -0.085028208792209625 -0.1405741274356842 -0.085968591272830963 0.0075469431467354298 0.071596771478652954 0.10914567857980728 0.078676402568817139 0.0084923431277275085 -0.095452077686786652 -0.15392081439495087 -0.14611385762691498 -0.065366446971893311 0.042932897806167603 0.11536590754985809 0.15412545204162598 0.12022162973880768 0.059203237295150757 -0.036700453609228134 -0.097302913665771484 -0.15962366759777069 -0.089105047285556793 0.02314387634396553 0.10593822598457336 0.15226586163043976 0.12642005085945129 0.059157539159059525 -0.05582740530371666 -0.12911282479763031 -0.12944182753562927 -0.053834181278944016 0.049913834780454636 0.11694836616516113 0.14644123613834381 0.091178938746452332 0.0025239072274416685 -0.10764267295598984 -0.16972649097442627 -0.14880603551864624 -0.081411220133304596 0.027958350256085396 0.11510681360960007 0.16963371634483337 0.14016403257846832 0.0659622922539711 -0.046353477984666824 -0.12653203308582306 -0.13103432953357697 -0.05878768116235733 0.048369009047746658 0.10722099244594574 0.12688998878002167 0.068212747573852539 -0.021197311580181122 -0.12554039061069489 -0.18922834098339081 -0.16789704561233521 -0.11086013913154602 -0.0086068576201796532 0.064313970506191254 0.10334356129169464 0.07388942688703537 0.0089308368042111397 -0.089974485337734222 -0.14980688691139221 -0.13677170872688293 -0.051547810435295105 0.056832559406757355 0.12605421245098114 0.16182662546634674 0.12981249392032623 0.062095087021589279 -0.027002308517694473 -0.091237150132656097 -0.061394896358251572 -0.0094353016465902328 0.065644621849060059 0.11336952447891235 0.13319751620292664 0.094988301396369934 0.029323654249310493 -0.063858263194561005 -0.12453285604715347 -0.12648606300354004 -0.074452921748161316 -0.0029537188820540905 0.042357821017503738 0.075212746858596802 0.057081561535596848 0.016266064718365669 -0.042327940464019775 -0.08094632625579834

[Filter15]
rows=6
cols=6
channels=3
type=21
values=-0.069670461118221283 -0.074131406843662262 -0.074022635817527771 -0.076095297932624817 -0.074919961392879486 -0.07824426144361496 -0.076779894530773163 -0.067019380629062653 -0.048536431044340134 -0.02388974092900753 0.016014322638511658 0.060026504099369049 0.092144668102264404 0.1174725666642189 0.12065808475017548 0.10844554007053375 0.083581767976284027 0.059768762439489365 0.10090184956789017 0.13304129242897034 0.16269753873348236 0.17554402351379395 0.16386820375919342 0.13184468448162079 0.096008412539958954 0.04975031316280365 0.0066731320694088936 -0.026528099551796913 -0.051289573311805725 -0.072209939360618591 -0.09446851909160614 -0.11793741583824158 -0.14810864627361298 -0.164685919880867 -0.17471323907375336 -0.17049843072891235 -0.07869778573513031 -0.083359330892562866 -0.070217885076999664 -0.065237455070018768 -0.058637455105781555 -0.057657297700643539 -0.055778887122869492 -0.047036107629537582 -0.032119706273078918 -0.0058433650992810726 0.037099279463291168 0.072309933602809906 0.09668983519077301 0.11228962242603302 0.10328660905361176 0.079404547810554504 0.039419114589691162 0.0068716113455593586 -0.072546608746051788 -0.068330816924571991 -0.054726786911487579 -0.051298845559358597 -0.048953723162412643 -0.052327096462249756 -0.060872010886669159 -0.062765300273895264 -0.048550017178058624 -0.029848253354430199 0.0082125198096036911 0.048881649971008301 0.081599108874797821 0.10284353047609329 0.099639914929866791 0.083288304507732391 0.056754648685455322 0.026648866012692451 0.083641849458217621 0.13014493882656097 0.17234839498996735 0.19789174199104309 0.20051954686641693 0.17229266464710236 0.12958499789237976 0.065607905387878418 -0.00021859807020518929 -0.047498345375061035 -0.087497159838676453 -0.11054257303476334 -0.1249639168381691 -0.13435131311416626 -0.14415596425533295 -0.14922980964183807 -0.15392743051052094 -0.1382995992898941 -0.14275425672531128 -0.14261707663536072 -0.11987687647342682 -0.092277124524116516 -0.062196902930736542 -0.039448171854019165 -0.030665811151266098 -0.024048801511526108 -0.013044747523963451 -0.0010924964444711804 0.02289990708231926 0.057349640876054764 0.085635960102081299 0.1087426170706749 0.11673523485660553 0.1069476380944252 0.082862451672554016 0.058058787137269974

[Filter16]
rows=6
cols=6
channels=3
type=21
values=0.14381866157054901 0.14532284438610077 0.11413110047578812 0.073468878865242004 0.014927309937775135 -0.041735008358955383 -0.083958171308040619 -0.11934684962034225 -0.14801207184791565 -0.15133854746818542 -0.12992449104785919 -0.094446271657943726 -0.042934522032737732 0.018306611105799675 0.075338229537010193 0.11646901816129684 0.1444944441318512 0.14260521531105042 -0.060123853385448456 -0.073030605912208557 -0.080335229635238647 -0.066968649625778198 -0.033060282468795776 0.018036466091871262 0.0619768425822258 0.098735198378562927 0.1188952699303627 0.114896260201931 0.08336222916841507 0.043564803898334503 0.0059963180683553219 -0.032228294759988785 -0.06064169853925705 -0.072705879807472229 -0.070179417729377747 -0.063339643180370331 -0.12856054306030273 -0.13918213546276093 -0.13034851849079132 -0.095262691378593445 -0.042567037045955658 0.016057748347520828 0.069223657250404358 0.11454907804727554 0.13591447472572327 0.13648763298988342 0.11433415114879608 0.07806309312582016 0.027700057253241539 -0.026662008836865425 -0.070931188762187958 -0.099823594093322754 -0.11309809982776642 -0.10357742756605148 0.11853326112031937 0.14352491497993469 0.14397162199020386 0.11629533767700195 0.06505294144153595 0.0040540699847042561 -0.049875058233737946 -0.10260675102472305 -0.14401881396770477 -0.1490921825170517 -0.12633007764816284 -0.08226216584444046 -0.034680068492889404 0.017090240493416786 0.062310576438903809 0.087299935519695282 0.091425560414791107 0.083321020007133484 0.054604068398475647 0.067975133657455444 0.059899915009737015 0.037060074508190155 -1.1792470104410313e-05 -0.040887631475925446 -0.081040672957897186 -0.11058422178030014 -0.12304525822401047 -0.11656066030263901 -0.085857376456260681 -0.034031827002763748 0.017115505412220955 0.063772916793823242 0.098871208727359772 0.10933046042919159 0.10504148900508881 0.089572489261627197 -0.1273580938577652 -0.13206014037132263 -0.10560712218284607 -0.062987759709358215 -0.0067724967375397682 0.052362371236085892 0.099181801080703735 0.13447752594947815 0.15599758923053741 0.15222717821598053 0.11654599756002426 0.066863611340522766 0.019527966156601906 -0.037038445472717285 -0.092032484710216522 -0.12997546792030334 -0.15443527698516846 -0.1529821902513504

[Filter17]
rows=6
cols=6
channels=3
type=21
values=0.049897432327270508 0.065233699977397919 0.068970084190368652 0.066691182553768158 0.060434367507696152 0.045154206454753876 0.028310896828770638 0.0073992321267724037 -0.017159393057227135 -0.030044512823224068 -0.044409342110157013 -0.052230961620807648 -0.051030099391937256 -0.044550437480211258 -0.034419763833284378 -0.029029175639152527 -0.026695961132645607 -0.024972077459096909 -0.10297834873199463 -0.1270478367805481 -0.14342010021209717 -0.14505298435688019 -0.12039051204919815 -0.085843034088611603 -0.057324431836605072 -0.029765041545033455 -0.0044294805265963078 0.017479801550507545 0.046948380768299103 0.073345594108104706 0.092538326978683472 0.11646711081266403 0.13413582742214203 0.13125896453857422 0.11010158807039261 0.084536679089069366 0.11650051921606064 0.14604280889034271 0.15770874917507172 0.16149125993251801 0.15674316883087158 0.13867947459220886 0.11147605627775192 0.064885981380939484 0.024663073942065239 -0.010698574595153332 -0.058030854910612106 -0.096124283969402313 -0.1214778870344162 -0.15157802402973175 -0.1700422465801239 -0.17687429487705231 -0.1727687269449234 -0.15559384226799011 -0.10548859834671021 -0.13016881048679352 -0.15012174844741821 -0.15707361698150635 -0.14871330559253693 -0.13156203925609589 -0.10959614813327789 -0.076180212199687958 -0.036131430417299271 0.0086116679012775421 0.058291260153055191 0.11369401961565018 0.14802022278308868 0.17000977694988251 0.16946147382259369 0.15750634670257568 0.13895934820175171 0.11300884932279587 0.092128373682498932 0.113040991127491 0.12569066882133484 0.12895619869232178 0.12290248274803162 0.098120756447315216 0.068391077220439911 0.0268230140209198 -0.018240941688418388 -0.049152631312608719 -0.073374561965465546 -0.080446526408195496 -0.086231917142868042 -0.096737302839756012 -0.10310828685760498 -0.10180144011974335 -0.096391677856445312 -0.082718789577484131 -0.069577939808368683 -0.075826987624168396 -0.072499208152294159 -0.05939144641160965 -0.041704997420310974 -0.019961249083280563 -0.0040540262125432491 0.0069516734220087528 0.011970319785177708 0.018083773553371429 0.024472247809171677 0.034519743174314499 0.046770088374614716 0.054216824471950531 0.050141863524913788 0.040398571640253067 0.027613755315542221 0.01645503006875515

[Filter18]
rows=6
cols=6
channels=3
type=21
values=0.13005386292934418 0.12953157722949982 0.093177057802677155 0.031288608908653259 -0.061898477375507355 -0.14631837606430054 -0.18116290867328644 -0.15804180502891541 -0.071883544325828552 0.024178583174943924 0.11672274023294449 0.16540057957172394 0.16545999050140381 0.10996970534324646 0.015681127086281776 -0.072656892240047455 -0.14481173455715179 -0.16181965172290802 0.0069967219606041908 0.020074205473065376 0.027935482561588287 0.023751471191644669 0.0059857568703591824 -0.02219206839799881 -0.045812774449586868 -0.051384549587965012 -0.027974434196949005 0.0082641914486885071 0.048479467630386353 0.066387869417667389 0.062608428299427032 0.037951059639453888 0.0085392547771334648 -0.023789238184690475 -0.063692189753055573 -0.074915654957294464 -0.15394702553749084 -0.13306796550750732 -0.065594308078289032 0.023488452658057213 0.1046934574842453 0.14552424848079681 0.13947886228561401 0.088766910135746002 0.028198881074786186 -0.035182204097509384 -0.097555406391620636 -0.13545441627502441 -0.13044346868991852 -0.076244361698627472 0.00071013829438015819 0.066156789660453796 0.11454186588525772 0.12530213594436646 -0.14291158318519592 -0.13517443835735321 -0.083020970225334167 -0.01468542218208313 0.066606245934963226 0.12218799442052841 0.13192243874073029 0.099389754235744476 0.030780000612139702 -0.04054652526974678 -0.10582079738378525 -0.14346443116664886 -0.13700011372566223 -0.078261122107505798 0.010412910953164101 0.093856580555438995 0.15224649012088776 0.16107270121574402 0.05992579460144043 0.055314820259809494 0.029610704630613327 0.0041083702817559242 -0.018614156171679497 -0.038819640874862671 -0.039141163229942322 -0.020720699802041054 0.010017451830208302 0.028506685048341751 0.037155073136091232 0.030908463522791862 0.018793258816003799 -0.0048529035411775112 -0.030826300382614136 -0.044202271848917007 -0.04325529932975769 -0.034572701901197433 0.17997196316719055 0.15736593306064606 0.072589918971061707 -0.019656054675579071 -0.11508717387914658 -0.17587271332740784 -0.17841625213623047 -0.12660221755504608 -0.034194476902484894 0.054712414741516113 0.13164889812469482 0.17200686037540436 0.15539813041687012 0.088328160345554352 -0.0017526336014270782 -0.077245540916919708 -0.13348947465419769 -0.14268007874488831

[Filter19]
rows=6
cols=6
channels=3
type=21
values=-0.17780429124832153 -0.11402381956577301 0.007648194208741188 0.11411468684673309 0.16208299994468689 0.12039979547262192 0.037794485688209534 -0.067803457379341125 -0.13280197978019714 -0.13363508880138397 -0.06520361453294754 0.038406871259212494 0.10859014838933945 0.1306101381778717 0.087692603468894958 0.013066802173852921 -0.068171076476573944 -0.10616575926542282 -0.17357480525970459 -0.10138185322284698 0.035391043871641159 0.13955835998058319 0.18219809234142303 0.12953789532184601 0.025057215243577957 -0.098902828991413116 -0.16822159290313721 -0.1520170122385025 -0.069761082530021667 0.042748346924781799 0.11795347183942795 0.14183196425437927 0.096997283399105072 0.023276409134268761 -0.070212110877037048 -0.10985253006219864 -0.095544420182704926 -0.05700254812836647 0.010238939896225929 0.056471411138772964 0.070445485413074493 0.044450517743825912 0.0038127750158309937 -0.043725248426198959 -0.059732668101787567 -0.032430801540613174 0.019177688285708427 0.056756123900413513 0.06873466819524765 0.05167815089225769 0.0082221431657671928 -0.033788144588470459 -0.071237646043300629 -0.07806677371263504 0.049175918102264404 0.043158765882253647 0.020618109032511711 -0.015482421964406967 -0.059416480362415314 -0.080021820962429047 -0.058206863701343536 -0.010444258339703083 0.046991661190986633 0.077395603060722351 0.069404177367687225 0.019712602719664574 -0.028096091002225876 -0.066012248396873474 -0.066947706043720245 -0.02981317974627018 0.027133790776133537 0.06346467137336731 0.14723169803619385 0.11396841704845428 0.02864457294344902 -0.059591930359601974 -0.12833860516548157 -0.13085982203483582 -0.066330559551715851 0.037494644522666931 0.11700592935085297 0.12729258835315704 0.059050891548395157 -0.061245772987604141 -0.13853500783443451 -0.16250315308570862 -0.10531602054834366 0.00090187560999765992 0.13722148537635803 0.21141476929187775 0.083899490535259247 0.037171050906181335 -0.03949350118637085 -0.1045365110039711 -0.13503310084342957 -0.09737173467874527 -0.012704259715974331 0.10162020474672318 0.17911776900291443 0.17506703734397888 0.082905769348144531 -0.051801692694425583 -0.13816404342651367 -0.17107455432415009 -0.12267038226127625 -0.033048093318939209 0.087540037930011749 0.1488054096698761

