[PCFilters]
version=1
count=20

[Filter0]
rows=3
cols=3
channels=3
type=21
values=-0.20849482715129852 -0.22711871564388275 -0.2395971417427063 -0.24637672305107117 -0.24731786549091339 -0.24474896490573883 -0.23789282143115997 -0.22339040040969849 -0.2039223313331604 -0.012106599286198616 -0.010928944684565067 -0.0076001244597136974 -0.00423385389149189 -0.00074618903454393148 0.00090274069225415587 0.00087416550377383828 0.0022439013700932264 0.0014119093539193273 0.20475418865680695 0.22884713113307953 0.24717804789543152 0.25476875901222229 0.25925219058990479 0.25900170207023621 0.25044775009155273 0.23395538330078125 0.21281252801418304

[Filter1]
rows=3
cols=3
channels=3
type=21
values=0.23591557145118713 0.22304777801036835 0.16871596872806549 0.092844046652317047 -0.011809313669800758 -0.11151985824108124 -0.17687101662158966 -0.22446657717227936 -0.23576739430427551 0.28361281752586365 0.27062502503395081 0.20853455364704132 0.12206050008535385 -0.003044752636924386 -0.12256304919719696 -0.20523357391357422 -0.26268994808197021 -0.27576106786727905 0.23939409852027893 0.22877153754234314 0.17651216685771942 0.10527592152357101 -0.00029506531427614391 -0.099440611898899078 -0.16929595172405243 -0.22030732035636902 -0.23334020376205444

[Filter2]
rows=3
cols=3
channels=3
type=21
values=-0.13994278013706207 -0.15216676890850067 -0.1549442857503891 -0.15668925642967224 -0.15635845065116882 -0.15227259695529938 -0.14940014481544495 -0.14538925886154175 -0.13280060887336731 0.20183886587619781 0.2432825118303299 0.27513301372528076 0.29285511374473572 0.30135494470596313 0.29467320442199707 0.27835392951965332 0.24956588447093964 0.20834565162658691 -0.12307100743055344 -0.13494482636451721 -0.14345663785934448 -0.14743487536907196 -0.14882683753967285 -0.14953827857971191 -0.14618897438049316 -0.13961189985275269 -0.12930949032306671

[Filter3]
rows=3
cols=3
channels=3
type=21
values=0.29151293635368347 0.29749909043312073 0.23632118105888367 0.14028015732765198 -0.00027843168936669827 -0.14731228351593018 -0.2462686151266098 -0.29614147543907166 -0.28167587518692017 0.012485132552683353 0.010262351483106613 0.00091167696518823504 -0.0024929237551987171 -0.003492995398119092 -0.0018230810528621078 0.0017266179202124476 0.0078849075362086296 0.0077397581189870834 -0.28118106722831726 -0.29730021953582764 -0.24217486381530762 -0.14770562946796417 -0.011717294342815876 0.13308210670948029 0.236880823969841 0.30057439208030701 0.29827669262886047

[Filter4]
rows=3
cols=3
channels=3
type=21
values=0.22615070641040802 0.12422960251569748 -0.060559362173080444 -0.19815318286418915 -0.25809642672538757 -0.17918972671031952 -0.041503094136714935 0.13805976510047913 0.23870444297790527 0.29338428378105164 0.1739061027765274 -0.044990386813879013 -0.20927226543426514 -0.29137489199638367 -0.21473489701747894 -0.035425245761871338 0.18982678651809692 0.30909323692321777 0.24810557067394257 0.14081744849681854 -0.047182071954011917 -0.18116804957389832 -0.2492525577545166 -0.19184486567974091 -0.052525483071804047 0.13182494044303894 0.22919374704360962

[Filter5]
rows=3
cols=3
channels=3
type=21
values=0.19060611724853516 0.19366824626922607 0.14927457273006439 0.092414654791355133 0.0083309086039662361 -0.07951914519071579 -0.150625079870224 -0.19693292677402496 -0.18713341653347015 -0.28024774789810181 -0.32517892122268677 -0.28806173801422119 -0.17018827795982361 0.00036239583278074861 0.17185583710670471 0.28185439109802246 0.32173413038253784 0.28247231245040894 0.18464367091655731 0.18655477464199066 0.14629603922367096 0.090448044240474701 0.011170466430485249 -0.084134042263031006 -0.15979525446891785 -0.19824939966201782 -0.18285000324249268

[Filter6]
rows=3
cols=3
channels=3
type=21
values=-0.32102575898170471 -0.20819574594497681 0.046199601143598557 0.26013150811195374 0.34256815910339355 0.2210654616355896 0.0026571708731353283 -0.19869330525398254 -0.28049397468566895 -0.023587007075548172 -0.0050289509817957878 0.016883339732885361 0.021982327103614807 0.0068857995793223381 -0.025076126679778099 -0.028630346059799194 -0.00024055919493548572 0.025859946385025978 0.29932683706283569 0.2082720547914505 -0.017745111137628555 -0.22486686706542969 -0.32477310299873352 -0.25306159257888794 -0.052108783274888992 0.20212025940418243 0.3145720362663269

[Filter7]
rows=3
cols=3
channels=3
type=21
values=-0.19838884472846985 0.0032624001614749432 0.21464148163795471 0.20952090620994568 -0.028486138209700584 -0.24676166474819183 -0.22003139555454254 0.034558124840259552 0.24450230598449707 -0.28869196772575378 -0.044876281172037125 0.24045729637145996 0.26478683948516846 -0.0049868123605847359 -0.26335287094116211 -0.24313895404338837 0.049510262906551361 0.29099202156066895 -0.23489376902580261 -0.0319707952439785 0.21274377405643463 0.23850607872009277 0.018589718267321587 -0.19286051392555237 -0.20275025069713593 -0.0082326885312795639 0.18329994380474091

[Filter8]
rows=3
cols=3
channels=3
type=21
values=0.21366426348686218 0.14126978814601898 -0.02921941876411438 -0.16088950634002686 -0.20421628654003143 -0.14745748043060303 -0.017099553719162941 0.13300345838069916 0.19781653583049774 -0.30726838111877441 -0.25022312998771667 -0.00090827944222837687 0.2574537992477417 0.37241131067276001 0.25437885522842407 0.00077999412314966321 -0.24001626670360565 -0.303068608045578 0.19744816422462463 0.13278962671756744 -0.015555256977677345 -0.13967698812484741 -0.20458169281482697 -0.1683373749256134 -0.02934645302593708 0.14311841130256653 0.20740965008735657

[Filter9]
rows=3
cols=3
channels=3
type=21
values=-0.26946955919265747 -0.06687038391828537 0.23564735054969788 0.29542183876037598 0.010891751386225224 -0.30267113447189331 -0.28123056888580322 0.062052633613348007 0.32244867086410522 0.025112858042120934 -0.017009833827614784 -0.036396365612745285 0.00078834826126694679 0.029513008892536163 0.018298497423529625 -0.0068106641992926598 -0.01312626525759697 -0.0040099425241351128 0.31476977467536926 0.052712541073560715 -0.27525809407234192 -0.28881976008415222 0.012600505724549294 0.29022762179374695 0.24922919273376465 -0.059874538332223892 -0.29436761140823364

[Filter10]
rows=3
cols=3
channels=3
type=21
values=-0.20856919884681702 0.1324789971113205 0.24937741458415985 -0.011630458757281303 -0.27551719546318054 -0.058100458234548569 0.21151451766490936 0.13222499191761017 -0.17200040817260742 -0.25859850645065308 0.12900924682617188 0.27206283807754517 -0.028042983263731003 -0.3183022141456604 -0.02272622287273407 0.29500064253807068 0.13856922090053558 -0.25443354249000549 -0.15045520663261414 0.14201515913009644 0.19646751880645752 -0.058798562735319138 -0.27754953503608704 -0.026438258588314056 0.23930352926254272 0.13049407303333282 -0.19372151792049408

[Filter11]
rows=3
cols=3
channels=3
type=21
values=0.1896631270647049 0.057835869491100311 -0.15433013439178467 -0.19119735062122345 -0.0017741764895617962 0.19367825984954834 0.15536041557788849 -0.043374054133892059 -0.20099255442619324 -0.32948097586631775 -0.086735770106315613 0.26807427406311035 0.31246194243431091 0.0041779661551117897 -0.31181794404983521 -0.27101436257362366 0.096013382077217102 0.31212913990020752 0.20411446690559387 0.047868285328149796 -0.17642539739608765 -0.19808846712112427 0.0046015721745789051 0.20952649414539337 0.17353528738021851 -0.060405384749174118 -0.20361313223838806

[Filter12]
rows=3
cols=3
channels=3
type=21
values=-0.30105525255203247 0.16128306090831757 0.32867267727851868 -0.04596245288848877 -0.34311860799789429 -0.017666352912783623 0.30801951885223389 0.10975661128759384 -0.24918763339519501 -0.0082592088729143143 0.029868708923459053 -0.014340470544993877 -0.029499605298042297 0.024894937872886658 0.03402361273765564 -0.027959505096077919 -0.044242903590202332 0.035827301442623138 0.24552431702613831 -0.10698295384645462 -0.30973455309867859 0.011064592748880386 0.33510202169418335 0.051878031343221664 -0.31079140305519104 -0.14752772450447083 0.27783674001693726

[Filter13]
rows=3
cols=3
channels=3
type=21
values=0.17034700512886047 -0.23727142810821533 -0.057806871831417084 0.21912491321563721 -0.016725646331906319 -0.21311722695827484 0.087194107472896576 0.23957245051860809 -0.19569008052349091 0.19448697566986084 -0.27617970108985901 -0.050906766206026077 0.26973056793212891 -0.036128830164670944 -0.27460506558418274 0.11906200647354126 0.28742176294326782 -0.23971424996852875 0.22250619530677795 -0.27267444133758545 -0.10707026720046997 0.22870981693267822 0.05667920783162117 -0.21067419648170471 0.010239550843834877 0.20758676528930664 -0.12450274080038071

[Filter14]
rows=3
cols=3
channels=3
type=21
values=0.13629794120788574 -0.031261589378118515 -0.19178116321563721 -0.01839761808514595 0.20795148611068726 0.05065063014626503 -0.21279789507389069 -0.10962163656949997 0.20808793604373932 -0.31628090143203735 0.15422211587429047 0.34858256578445435 -0.056156530976295471 -0.34955212473869324 0.0015048212371766567 0.32652944326400757 0.084349825978279114 -0.27076569199562073 0.18898406624794006 -0.077166102826595306 -0.22600056231021881 0.02210182324051857 0.23388530313968658 0.018409376963973045 -0.22033132612705231 -0.082394152879714966 0.18864911794662476

[Filter15]
rows=3
cols=3
channels=3
type=21
values=0.16310638189315796 -0.12418998777866364 -0.18131037056446075 0.20374259352684021 0.13586796820163727 -0.34272032976150513 0.046918272972106934 0.37417390942573547 -0.27162259817123413 -0.099536880850791931 0.1583714634180069 -0.045570734888315201 -0.086839392781257629 0.13115091621875763 -0.066832296550273895 -0.057780828326940536 0.15358497202396393 -0.095145478844642639 -0.26297321915626526 0.35719844698905945 0.036018598824739456 -0.31110981106758118 0.11785950511693954 0.2063283771276474 -0.1733691543340683 -0.13958530128002167 0.16910967230796814

[Filter16]
rows=3
cols=3
channels=3
type=21
values=0.24548822641372681 -0.36160737276077271 0.030649887397885323 0.27097424864768982 -0.22607128322124481 -0.034445866942405701 0.16963641345500946 -0.090894222259521484 0.00036109556094743311 0.11012773215770721 -0.23573073744773865 0.14508043229579926 0.1153496652841568 -0.27914541959762573 0.16125527024269104 0.12261802703142166 -0.28222379088401794 0.15428125858306885 0.01877836138010025 -0.090100035071372986 0.14798261225223541 -0.034078538417816162 -0.21560059487819672 0.25340551137924194 0.03720291331410408 -0.34785208106040955 0.23706343770027161

[Filter17]
rows=3
cols=3
channels=3
type=21
values=0.15195119380950928 -0.15443733334541321 -0.085957750678062439 0.174650639295578 0.013729681260883808 -0.19395950436592102 0.079676620662212372 0.17529293894767761 -0.16330534219741821 -0.27126798033714294 0.28421774506568909 0.15026290714740753 -0.33852306008338928 0.014634428545832634 0.32609757781028748 -0.16988076269626617 -0.26587244868278503 0.27101531624794006 0.165199875831604 -0.17584918439388275 -0.089264392852783203 0.20473779737949371 0.0068507026880979538 -0.22195620834827423 0.09910043329000473 0.1995355486869812 -0.18835550546646118

[Filter18]
rows=3
cols=3
channels=3
type=21
values=-0.18407720327377319 0.30731561779975891 -0.11486845463514328 -0.18395033478736877 0.31450062990188599 -0.15373529493808746 -0.14280867576599121 0.3136250376701355 -0.17489735782146454 0.003675050800666213 -0.0022546513937413692 0.013690958730876446 -0.030588191002607346 0.015135490335524082 0.011699837632477283 -0.016068635508418083 0.025417318567633629 -0.018151635304093361 0.20901510119438171 -0.35838070511817932 0.16315965354442596 0.16800181567668915 -0.3409440815448761 0.17528030276298523 0.14536339044570923 -0.34143611788749695 0.19587115943431854

[Filter19]
rows=3
cols=3
channels=3
type=21
values=0.11581990122795105 -0.26529562473297119 0.30175867676734924 -0.15469168126583099 -0.075032755732536316 0.21573098003864288 -0.21844287216663361 0.11303847283124924 -0.023627270013093948 0.030931629240512848 -0.13083848357200623 0.25645226240158081 -0.26052701473236084 0.082266569137573242 0.1680566668510437 -0.32344430685043335 0.31694185733795166 -0.15246777236461639 0.090832822024822235 -0.21597816050052643 0.26488190889358521 -0.16833540797233582 -0.030736459419131279 0.19871814548969269 -0.23685182631015778 0.14492584764957428 -0.044949229806661606

