[PCFilters]
version=1
count=20

[Filter0]
rows=3
cols=3
channels=3
type=21
values=-0.2214631587266922 -0.234029620885849 -0.24237003922462463 -0.24675275385379791 -0.24637120962142944 -0.24127894639968872 -0.23293033242225647 -0.21941083669662476 -0.20505553483963013 -0.014866835437715054 -0.011734185740351677 -0.0064625381492078304 -0.0042387088760733604 0.00077487650560215116 0.0048546083271503448 0.0062278769910335541 0.0094122439622879028 0.0092672109603881836 0.20460036396980286 0.22310508787631989 0.23886363208293915 0.2472500205039978 0.25514450669288635 0.25649771094322205 0.25014826655387878 0.2408425360918045 0.22637498378753662

[Filter1]
rows=3
cols=3
channels=3
type=21
values=-0.24941243231296539 -0.21146924793720245 -0.14664274454116821 -0.085440270602703094 0.0074088615365326405 0.1001984179019928 0.16656777262687683 0.22886297106742859 0.26499921083450317 -0.29659441113471985 -0.25500357151031494 -0.17994847893714905 -0.10858576744794846 -0.00032944016857072711 0.10868165642023087 0.18720351159572601 0.26036274433135986 0.30344113707542419 -0.26582923531532288 -0.22969280183315277 -0.16587306559085846 -0.10574077069759369 -0.011710605584084988 0.081492103636264801 0.14821338653564453 0.21291965246200562 0.25247132778167725

[Filter2]
rows=3
cols=3
channels=3
type=21
values=-0.35867071151733398 -0.32241365313529968 -0.24412678182125092 -0.1665196418762207 -0.052492242306470871 0.065746061503887177 0.14938832819461823 0.22167880833148956 0.25472554564476013 0.060209337621927261 0.077794954180717468 0.09611799567937851 0.099488705396652222 0.10183458775281906 0.1038486585021019 0.09556252509355545 0.081261560320854187 0.06501343846321106 0.25081780552864075 0.22259975969791412 0.15490899980068207 0.073319628834724426 -0.040423106402158737 -0.156354621052742 -0.24365825951099396 -0.32250115275382996 -0.36801901459693909

[Filter3]
rows=3
cols=3
channels=3
type=21
values=-0.067097119987010956 -0.053025607019662857 -0.049267064779996872 -0.066715337336063385 -0.10463118553161621 -0.15175113081932068 -0.19423697888851166 -0.24737663567066193 -0.28737309575080872 0.15212772786617279 0.21183492243289948 0.27008756995201111 0.29925420880317688 0.31024909019470215 0.2974783182144165 0.26624065637588501 0.20944084227085114 0.14710108935832977 -0.27859115600585938 -0.2424217164516449 -0.18988974392414093 -0.14935436844825745 -0.10317754000425339 -0.06719101220369339 -0.050389721989631653 -0.050502479076385498 -0.060652576386928558

[Filter4]
rows=3
cols=3
channels=3
type=21
values=0.26052188873291016 0.079143993556499481 -0.10967463999986649 -0.19705875217914581 -0.22472216188907623 -0.19859291613101959 -0.12587615847587585 0.056062869727611542 0.23637892305850983 0.37574154138565063 0.17005741596221924 -0.048165939748287201 -0.1471281498670578 -0.17229701578617096 -0.1417313814163208 -0.049565892666578293 0.16969551146030426 0.37569242715835571 0.24777685105800629 0.068017326295375824 -0.11745040863752365 -0.20079663395881653 -0.22310027480125427 -0.19707140326499939 -0.10924302041530609 0.084120899438858032 0.25731185078620911

[Filter5]
rows=3
cols=3
channels=3
type=21
values=-0.38019782304763794 -0.13123577833175659 0.10460011661052704 0.21631956100463867 0.27455630898475647 0.20916140079498291 0.090075485408306122 -0.12908738851547241 -0.36906000971794128 -0.026922721415758133 0.012835401110351086 -0.0032028816640377045 -0.0070800324901938438 0.027993014082312584 -0.014994730241596699 -0.021602826192975044 0.022052699699997902 0.0057227923534810543 0.3610684871673584 0.16636507213115692 -0.10064943134784698 -0.22098243236541748 -0.22510898113250732 -0.23501257598400116 -0.1382441371679306 0.14905230700969696 0.36495712399482727

[Filter6]
rows=3
cols=3
channels=3
type=21
values=-0.29126885533332825 -0.035659227520227432 0.049491684883832932 -0.1741667240858078 -0.04694017767906189 0.17078669369220734 0.02031390368938446 0.020098652690649033 0.28532803058624268 0.10379064828157425 0.3730720579624176 0.36961144208908081 -0.032271862030029297 -0.057394523173570633 0.035181842744350433 -0.27983269095420837 -0.39522641897201538 -0.11747835576534271 -0.28224775195121765 -0.034057788550853729 0.052621122449636459 -0.17476515471935272 -0.05903119221329689 0.16335985064506531 0.026752369478344917 0.024562019854784012 0.28536149859428406

[Filter7]
rows=3
cols=3
channels=3
type=21
values=0.021175967529416084 -0.29220500588417053 -0.21043430268764496 0.13731437921524048 -0.017703460529446602 -0.092282585799694061 0.22247873246669769 0.24238304793834686 -0.019646108150482178 0.41662290692329407 -0.011807583272457123 -0.011157621629536152 0.31222549080848694 -0.033100314438343048 -0.26605555415153503 0.023444067686796188 -0.039243116974830627 -0.38554078340530396 0.040136225521564484 -0.27233466506004333 -0.20039339363574982 0.11338566243648529 -0.043549444526433945 -0.088515080511569977 0.21205024421215057 0.23677630722522736 0.0091767525300383568

[Filter8]
rows=3
cols=3
channels=3
type=21
values=0.042627513408660889 -0.11767011135816574 0.24322271347045898 0.098077364265918732 -0.34950625896453857 0.076446987688541412 0.19445033371448517 -0.1703031063079834 -0.026972945779561996 -0.0062396950088441372 -0.22350305318832397 0.23258611559867859 0.075320743024349213 -0.45450195670127869 0.11209287494421005 0.30334380269050598 -0.11750560998916626 0.088481500744819641 0.097921334207057953 -0.11152858287096024 0.2194509357213974 0.077473126351833344 -0.37911298871040344 0.044774219393730164 0.18552465736865997 -0.14430512487888336 0.017500590533018112

[Filter9]
rows=3
cols=3
channels=3
type=21
values=-0.12525029480457306 -0.062702536582946777 0.19602029025554657 0.26812610030174255 -0.0029358547180891037 -0.27606523036956787 -0.22103844583034515 0.07087881863117218 0.15989105403423309 -0.20813824236392975 -0.11355280876159668 0.23299732804298401 0.3236430287361145 0.00086718116654083133 -0.31657543778419495 -0.24204844236373901 0.11244859546422958 0.20804327726364136 -0.15944062173366547 -0.063498005270957947 0.21621473133563995 0.27352836728096008 0.0034448306541889906 -0.25836426019668579 -0.2107817530632019 0.057141520082950592 0.13761834800243378

[Filter10]
rows=3
cols=3
channels=3
type=21
values=-0.13374167680740356 0.20644725859165192 0.14046110212802887 -0.15335617959499359 -0.092452414333820343 -0.18126729130744934 0.13256755471229553 0.27998971939086914 -0.19716411828994751 -0.18895450234413147 0.25306838750839233 0.1974242627620697 -0.19935025274753571 -0.12665876746177673 -0.2120731920003891 0.18059860169887543 0.33671900629997253 -0.24376177787780762 -0.15721715986728668 0.19849374890327454 0.1657300591468811 -0.16275367140769958 -0.10277529060840607 -0.14850124716758728 0.14736640453338623 0.25211331248283386 -0.19782985746860504

[Filter11]
rows=3
cols=3
channels=3
type=21
values=0.23491422832012177 -0.20832577347755432 -0.25871476531028748 0.29142072796821594 0.05295875295996666 -0.29223111271858215 0.17789909243583679 0.23213531076908112 -0.22784240543842316 0.0091262180358171463 -0.012654520571231842 -0.0031692332122474909 -0.0043702786788344383 -0.0048950919881463051 0.017957208678126335 -0.0074440645985305309 -0.0050457105971872807 0.01490255631506443 -0.22577176988124847 0.20769467949867249 0.2677280604839325 -0.30157425999641418 -0.059329278767108917 0.32284235954284668 -0.18824352324008942 -0.26066049933433533 0.23478446900844574

[Filter12]
rows=3
cols=3
channels=3
type=21
values=0.050212498754262924 -0.1634637862443924 0.25473195314407349 0.11579969525337219 -0.49218332767486572 0.032757584005594254 0.34342971444129944 -0.14215283095836639 0.010246183723211288 -0.014104887843132019 0.022686850279569626 -0.0071683833375573158 0.022090628743171692 -0.011995252221822739 -0.025048607960343361 0.031107794493436813 -0.018623661249876022 -0.0029667546041309834 -0.085158787667751312 0.21814766526222229 -0.28431975841522217 -0.10559426248073578 0.49366295337677002 -0.069768220186233521 -0.31015440821647644 0.12556280195713043 0.013391338288784027

[Filter13]
rows=3
cols=3
channels=3
type=21
values=-0.15141291916370392 0.26481899619102478 -0.2330796867609024 0.14764100313186646 0.032339781522750854 -0.16435235738754272 0.19921578466892242 -0.20971189439296722 0.10439258068799973 -0.15181779861450195 0.30937442183494568 -0.25639861822128296 0.18126556277275085 -0.035355586558580399 -0.21428649127483368 0.28608816862106323 -0.25325161218643188 0.14776666462421417 -0.14733031392097473 0.24124869704246521 -0.16709291934967041 0.15213732421398163 -0.050610106438398361 -0.15544869005680084 0.24142874777317047 -0.2213660329580307 0.1042499765753746

[Filter14]
rows=3
cols=3
channels=3
type=21
values=-0.31115755438804626 -0.13467839360237122 0.20316112041473389 0.24376603960990906 0.12687696516513824 0.0087682558223605156 -0.041441828012466431 -0.040258266031742096 -0.14038632810115814 0.37423032522201538 0.14402304589748383 -0.10142040997743607 -0.21817982196807861 -0.22908526659011841 -0.2085820734500885 -0.13510097563266754 0.15124617516994476 0.37398159503936768 -0.12553665041923523 -0.058150094002485275 -0.055368669331073761 0.0074422270990908146 0.14538969099521637 0.25645583868026733 0.17731662094593048 -0.12555009126663208 -0.3051181435585022

[Filter15]
rows=3
cols=3
channels=3
type=21
values=-0.080948337912559509 -0.093953929841518402 0.23140300810337067 0.25601619482040405 -0.047221396118402481 -0.32001933455467224 -0.31983262300491333 0.095620356500148773 0.3169725239276886 -0.16089968383312225 -0.06129080057144165 0.043533861637115479 0.091701008379459381 0.097986698150634766 0.085870519280433655 0.053913138806819916 -0.067570589482784271 -0.15001903474330902 0.27064192295074463 0.17723003029823303 -0.30181348323822021 -0.36128795146942139 -0.062491510063409805 0.20624242722988129 0.26878637075424194 -0.034964010119438171 -0.12605616450309753

[Filter16]
rows=3
cols=3
channels=3
type=21
values=0.23163329064846039 -0.30586671829223633 -0.20563486218452454 0.20506367087364197 0.10493090748786926 0.2483273446559906 -0.14026094973087311 -0.34795844554901123 0.20883914828300476 0.026174657046794891 0.0011576489778235555 -0.0069383918307721615 -0.016557130962610245 -0.014840719290077686 -6.7013876105193049e-05 -0.0067536979913711548 0.0069288061931729317 0.020708478987216949 -0.25639960169792175 0.28911027312278748 0.22462098300457001 -0.19673106074333191 -0.088140711188316345 -0.231999471783638 0.15186487138271332 0.35013470053672791 -0.25284940004348755

[Filter17]
rows=3
cols=3
channels=3
type=21
values=-0.20138895511627197 0.31450706720352173 -0.22724458575248718 0.21532535552978516 -0.032225467264652252 -0.21918958425521851 0.26380068063735962 -0.30281689763069153 0.19060972332954407 -0.019221514463424683 0.024202041327953339 -0.011669950559735298 -0.012427724897861481 0.030867122113704681 0.0041554681956768036 -0.022746885195374489 0.006586320698261261 -0.0015958378789946437 0.2243134081363678 -0.34577333927154541 0.24108964204788208 -0.19490315020084381 -0.010722663253545761 0.22543619573116302 -0.25261276960372925 0.30770441889762878 -0.19396530091762543

[Filter18]
rows=3
cols=3
channels=3
type=21
values=0.14131620526313782 -0.1366797536611557 -0.16447357833385468 0.21363866329193115 0.023556191474199295 -0.21542604267597198 0.11371444165706635 0.17968069016933441 -0.15584318339824677 -0.22725190222263336 0.22264812886714935 0.25017222762107849 -0.32009825110435486 -0.059184510260820389 0.35075908899307251 -0.18349336087703705 -0.26904582977294922 0.23481687903404236 0.12864488363265991 -0.12322564423084259 -0.17308452725410461 0.2171197384595871 0.036219600588083267 -0.22430954873561859 0.11521337181329727 0.16027723252773285 -0.13701893389225006

[Filter19]
rows=3
cols=3
channels=3
type=21
values=-0.055217862129211426 0.12682369351387024 -0.17083418369293213 -0.09099232405424118 0.36744767427444458 -0.071733996272087097 -0.17859463393688202 0.060588158667087555 0.004705267958343029 0.10220824927091599 -0.230207160115242 0.30881401896476746 0.08364412933588028 -0.48570176959037781 0.021714605391025543 0.3521515429019928 -0.16963651776313782 0.03261445090174675 -0.026957392692565918 0.075300663709640503 -0.13059847056865692 -0.11368534713983536 0.35469383001327515 -0.041617803275585175 -0.19800515472888947 0.090429514646530151 -0.017840513959527016

