[PCFilters]
version=1
count=20

[Filter0]
rows=3
cols=3
channels=3
type=21
values=-0.23508056998252869 -0.23889234662055969 -0.24056737124919891 -0.24039410054683685 -0.23941710591316223 -0.23563222587108612 -0.23226915299892426 -0.22618383169174194 -0.21772700548171997 -0.0095097962766885757 -0.0058480142615735531 -0.0026036160998046398 -0.0011796990875154734 0.0015175644075497985 0.0042871125042438507 0.0048600854352116585 0.0066023669205605984 0.0088083334267139435 0.219739630818367 0.2296181321144104 0.23759885132312775 0.24016407132148743 0.24356743693351746 0.24534226953983307 0.24289111793041229 0.23947206139564514 0.23526635766029358

[Filter1]
rows=3
cols=3
channels=3
type=21
values=-0.27680343389511108 -0.2137657105922699 -0.13769452273845673 -0.082894913852214813 0.0063966982997953892 0.095217891037464142 0.15275926887989044 0.22718918323516846 0.28712084889411926 -0.30399426817893982 -0.23615601658821106 -0.15547582507133484 -0.095925018191337585 0.00041616358794271946 0.094662666320800781 0.15687449276447296 0.23753969371318817 0.301291823387146 -0.29343143105506897 -0.2284197211265564 -0.15317018330097198 -0.097753755748271942 -0.0056300675496459007 0.082286223769187927 0.14083282649517059 0.2183704674243927 0.27823150157928467

[Filter2]
rows=3
cols=3
channels=3
type=21
values=-0.18640083074569702 -0.16050760447978973 -0.14024341106414795 -0.13506233692169189 -0.12042785435914993 -0.1189870685338974 -0.12165757268667221 -0.13194423913955688 -0.14594228565692902 0.215603306889534 0.25399529933929443 0.28427159786224365 0.28848966956138611 0.29887935519218445 0.29411411285400391 0.28008255362510681 0.25237745046615601 0.21937747299671173 -0.14290130138397217 -0.12893965840339661 -0.11875565350055695 -0.12287633866071701 -0.12452474981546402 -0.13143299520015717 -0.14073489606380463 -0.16256831586360931 -0.18170557916164398

[Filter3]
rows=3
cols=3
channels=3
type=21
values=-0.30935844779014587 -0.26904010772705078 -0.18445968627929688 -0.12058833986520767 -0.022612445056438446 0.10058695077896118 0.18277633190155029 0.28998106718063354 0.39388009905815125 0.023728366941213608 -0.010972616262733936 -0.022975869476795197 -0.028543414548039436 -0.040724314749240875 -0.030033539980649948 -0.020293897017836571 -0.0035060497466474771 0.028400508686900139 0.39016267657279968 0.28396129608154297 0.17935016751289368 0.10450493544340134 -0.017868820577859879 -0.12151158601045609 -0.18767444789409637 -0.26527750492095947 -0.31247219443321228

[Filter4]
rows=3
cols=3
channels=3
type=21
values=0.30086520314216614 0.11906532943248749 -0.08238442987203598 -0.18708598613739014 -0.22694067656993866 -0.20986069738864899 -0.13248972594738007 0.061433117836713791 0.23716269433498383 0.32771047949790955 0.14214368164539337 -0.059966001659631729 -0.16363978385925293 -0.19634036719799042 -0.16519448161125183 -0.071997515857219696 0.14165864884853363 0.33709445595741272 0.23196357488632202 0.061762291938066483 -0.11771650612354279 -0.20641668140888214 -0.22694939374923706 -0.18474070727825165 -0.089241392910480499 0.11721976101398468 0.31028798222541809

[Filter5]
rows=3
cols=3
channels=3
type=21
values=-0.13380937278270721 0.25448277592658997 -0.13286280632019043 -0.150079146027565 0.29487466812133789 -0.11371783912181854 -0.16884090006351471 0.24854408204555511 -0.091446578502655029 -0.13638961315155029 0.27741360664367676 -0.14068733155727386 -0.16011834144592285 0.31324398517608643 -0.12707610428333282 -0.18948785960674286 0.25444155931472778 -0.11095620691776276 -0.11893431097269058 0.26296108961105347 -0.12024040520191193 -0.144058957695961 0.29188716411590576 -0.11238537728786469 -0.17483869194984436 0.22903759777545929 -0.10513423383235931

[Filter6]
rows=3
cols=3
channels=3
type=21
values=-0.17865365743637085 0.10333413630723953 0.30301478505134583 -0.18269652128219604 -0.026960290968418121 0.19786718487739563 -0.24349483847618103 -0.13222616910934448 0.17465190589427948 -0.18966460227966309 0.11207734048366547 0.32516497373580933 -0.20463159680366516 -0.035926569253206253 0.20781964063644409 -0.26964622735977173 -0.14862115681171417 0.18430759012699127 -0.17288102209568024 0.10583729296922684 0.30217564105987549 -0.18828372657299042 -0.031792670488357544 0.19582517445087433 -0.24495504796504974 -0.13402090966701508 0.17463104426860809

[Filter7]
rows=3
cols=3
channels=3
type=21
values=0.12864464521408081 0.077031195163726807 -0.13318568468093872 -0.33717644214630127 -0.030470710247755051 0.30612927675247192 0.19263172149658203 -0.044973798096179962 -0.15685734152793884 0.13105742633342743 0.077617928385734558 -0.15247713029384613 -0.37397816777229309 -0.034041311591863632 0.33472850918769836 0.21142470836639404 -0.040401306003332138 -0.16072830557823181 0.13300831615924835 0.082544907927513123 -0.13532789051532745 -0.34057155251502991 -0.026862634345889091 0.30360224843025208 0.19162315130233765 -0.041433148086071014 -0.16092446446418762

[Filter8]
rows=3
cols=3
channels=3
type=21
values=-0.16267038881778717 0.13969482481479645 0.25240683555603027 -0.08343292772769928 -0.23982769250869751 -0.16944493353366852 0.23760420083999634 0.18689890205860138 -0.14973157644271851 -0.16540214419364929 0.14845681190490723 0.27444803714752197 -0.089888148009777069 -0.27247068285942078 -0.1895657479763031 0.25000032782554626 0.18923778831958771 -0.16834023594856262 -0.1503017395734787 0.1392865777015686 0.25812530517578125 -0.078329890966415405 -0.24837696552276611 -0.16959825158119202 0.23246234655380249 0.17896008491516113 -0.14973393082618713

[Filter9]
rows=3
cols=3
channels=3
type=21
values=0.13264624774456024 -0.2781202495098114 0.22117315232753754 0.0087805520743131638 0.076980262994766235 0.10590066015720367 -0.180132657289505 0.194548100233078 -0.29328230023384094 0.060602158308029175 -0.39302998781204224 0.12853682041168213 -0.11355307698249817 0.0097808483988046646 0.11361081153154373 -0.13415287435054779 0.37943986058235168 -0.052387785166501999 0.30114862322807312 -0.20819687843322754 0.16992633044719696 -0.10848582535982132 -0.05366029217839241 -0.0031206763815134764 -0.2311202734708786 0.26772606372833252 -0.12110199779272079

[Filter10]
rows=3
cols=3
channels=3
type=21
values=0.18181270360946655 0.24141432344913483 0.046293914318084717 0.092041000723838806 -0.013293533585965633 -0.10920876264572144 -0.050166606903076172 -0.22959797084331512 -0.1541941910982132 -0.44098988175392151 -0.21128207445144653 -0.23812045156955719 -0.10626546293497086 -0.0049047763459384441 0.099060989916324615 0.24607577919960022 0.21866728365421295 0.43514621257781982 0.13151028752326965 0.24493643641471863 0.073903895914554596 0.096822462975978851 0.010636000894010067 -0.082530207931995392 -0.061517257243394852 -0.24706335365772247 -0.16852670907974243

[Filter11]
rows=3
cols=3
channels=3
type=21
values=-0.36872324347496033 -0.10540428012609482 0.072268418967723846 0.25631365180015564 0.22041699290275574 0.22114525735378265 0.18286386132240295 -0.23338566720485687 -0.28586074709892273 -0.031221559271216393 0.085683666169643402 -0.046208500862121582 0.022643864154815674 0.0029218171257525682 -0.027027364820241928 0.042320322245359421 -0.086654499173164368 0.029257489368319511 0.27849087119102478 0.2450895756483078 -0.16423693299293518 -0.22294299304485321 -0.22090840339660645 -0.26275345683097839 -0.083975091576576233 0.10216247290372849 0.37869575619697571

[Filter12]
rows=3
cols=3
channels=3
type=21
values=0.1640324592590332 -0.072708539664745331 -0.39215901494026184 0.20634682476520538 0.1099717915058136 -0.27041992545127869 0.27647063136100769 0.22027847170829773 -0.24019762873649597 0.016830978915095329 0.0049681267701089382 0.0028980888891965151 0.0035559856332838535 -0.0027323656249791384 -0.0049371933564543724 -0.0037531943526118994 -0.0077413842082023621 -0.0093695530667901039 -0.1741551011800766 0.05969686433672905 0.38794061541557312 -0.21259018778800964 -0.10829522460699081 0.2811119556427002 -0.26971498131752014 -0.21581903100013733 0.2517583966255188

[Filter13]
rows=3
cols=3
channels=3
type=21
values=0.23338726162910461 -0.3265019953250885 0.089759021997451782 0.19389419257640839 -0.39112097024917603 0.064704403281211853 0.25586885213851929 -0.22986382246017456 0.1143101304769516 0.01074640080332756 -0.0014032995095476508 0.010581712238490582 -0.0011440577218309045 -0.0011173086240887642 -0.0070012975484132767 -0.0046440120786428452 0.013345903716981411 -0.01028753723949194 -0.23442864418029785 0.31064912676811218 -0.077659323811531067 -0.2017151415348053 0.39101582765579224 -0.063290819525718689 -0.26924982666969299 0.24999533593654633 -0.11867473274469376

[Filter14]
rows=3
cols=3
channels=3
type=21
values=-0.13348498940467834 -0.10188910365104675 0.085352346301078796 0.46576404571533203 0.054550830274820328 -0.2932949960231781 -0.32203498482704163 0.027315458282828331 0.21855147182941437 -0.0037673227488994598 0.019762638956308365 -0.029264276847243309 0.043235793709754944 -0.060245957225561142 0.030464395880699158 -0.022377731278538704 0.024866839870810509 -0.0024798163212835789 0.10014406591653824 0.15722459554672241 -0.13604007661342621 -0.39937505125999451 -0.12791852653026581 0.3657987117767334 0.27015754580497742 0.01622409000992775 -0.24774375557899475

[Filter15]
rows=3
cols=3
channels=3
type=21
values=-0.20930218696594238 0.22245478630065918 0.1544504314661026 0.087360754609107971 -0.40788188576698303 -0.040350999683141708 0.090486548840999603 0.29172015190124512 -0.1946539580821991 -0.061135169118642807 0.10220817476511002 -0.093672499060630798 0.14867754280567169 -0.20241422951221466 0.17855270206928253 -0.11959978938102722 0.092731818556785583 -0.043084744364023209 0.13454483449459076 -0.027382958680391312 -0.38936156034469604 0.20642560720443726 0.048834308981895447 0.32196617126464844 -0.31393235921859741 -0.077957116067409515 0.098115652799606323

[Filter16]
rows=3
cols=3
channels=3
type=21
values=0.11296979337930679 0.045092783868312836 -0.38339269161224365 0.14033849537372589 -0.050991930067539215 0.37913680076599121 -0.24370007216930389 -0.010379912331700325 0.013199030421674252 -0.067939676344394684 0.10930421948432922 -0.11583711206912994 0.19333954155445099 -0.24389515817165375 0.22939185798168182 -0.1485225111246109 0.10243683308362961 -0.05860958993434906 -0.21300460398197174 0.21303191781044006 0.099069498479366302 0.20464244484901428 -0.39194720983505249 -0.049100618809461594 -0.026024380698800087 0.286192387342453 -0.12643693387508392

[Filter17]
rows=3
cols=3
channels=3
type=21
values=0.046156536787748337 0.082340054214000702 -0.2031567394733429 -0.025343701243400574 0.18151396512985229 -0.20239123702049255 0.014044396579265594 0.22027282416820526 -0.10838738828897476 -0.055758114904165268 -0.21842162311077118 0.43201574683189392 0.00048385851550847292 -0.27861487865447998 0.32474279403686523 -0.0057103387080132961 -0.40855234861373901 0.19955210387706757 0.028401214629411697 0.12071982771158218 -0.22822929918766022 -0.025009991601109505 0.18922258913516998 -0.20440961420536041 0.031575582921504974 0.18177714943885803 -0.088157571852207184

[Filter18]
rows=3
cols=3
channels=3
type=21
values=-0.11220849305391312 0.18139322102069855 0.11037811636924744 -0.21329031884670258 0.095308542251586914 0.063042692840099335 -0.25196102261543274 0.055240906774997711 0.074036858975887299 0.21986542642116547 -0.35327738523483276 -0.18706265091896057 0.376058429479599 -0.18716259300708771 -0.094644218683242798 0.45340031385421753 -0.070962034165859222 -0.16115771234035492 -0.12417628616094589 0.20008181035518646 0.088572114706039429 -0.18942263722419739 0.10280290246009827 0.048150837421417236 -0.24345937371253967 0.02125137485563755 0.09920598566532135

[Filter19]
rows=3
cols=3
channels=3
type=21
values=-0.24383792281150818 -0.018854411318898201 0.032043222337961197 0.10019369423389435 0.20190690457820892 0.13004159927368164 0.047826748341321945 -0.066487565636634827 -0.22350342571735382 0.43739053606987 0.080738358199596405 -0.097278103232383728 -0.18109811842441559 -0.39175227284431458 -0.21427711844444275 -0.077219493687152863 0.097501441836357117 0.4230462908744812 -0.22838327288627625 -0.058261938393115997 0.055687874555587769 0.11572279036045074 0.19885331392288208 0.11743331700563431 0.018939711153507233 -0.026636375114321709 -0.23329612612724304

